    1 0.100 0.589 0.275 0.036 
    2 0.014 0.137 0.143 0.706 
    3 0.025 0.214 0.230 0.531 
    5 0.006 0.070 0.097 0.827 
    7 0.005 0.056 0.084 0.855 
    8 0.001 0.009 0.029 0.961 
    9 0.007 0.116 0.181 0.695 
   11 0.006 0.074 0.116 0.804 
   14 0.046 0.505 0.395 0.054 
   15 0.065 0.527 0.366 0.042 
   16 0.010 0.111 0.126 0.752 
   17 0.001 0.027 0.077 0.896 
   18 0.002 0.041 0.085 0.871 
   20 0.070 0.518 0.358 0.053 
   21 0.093 0.644 0.263 0.000 
   22 0.013 0.154 0.153 0.680 
   23 0.014 0.146 0.158 0.683 
   24 0.008 0.076 0.090 0.826 
   25 0.007 0.074 0.094 0.825 
   26 0.085 0.607 0.308 0.000 
   28 0.036 0.407 0.392 0.164 
   29 0.000 0.004 0.009 0.986 
   30 0.081 0.601 0.300 0.019 
